100
3 1 5 15 13 11
3 0 8 23 22 21
2 1 8 2 21
2 2 5 26 10
2 0 3 15 29
2 0 5 29 12
2 0 9 6 6
2 0 5 15 12
3 1 3 5 5 6
1 0 3 6
2 1 9 24 24
1 0 5 28
2 1 7 5 14
2 0 5 1 30
3 0 4 15 21 13
2 2 6 27 9
2 1 9 8 6
2 1 4 9 8
3 0 9 15 15 23
1 1 1 14
1 0 2 2
1 0 8 30
3 0 2 7 15 27
2 0 10 30 30
3 3 2 3 21 18
1 1 10 25
2 0 0 0 0
3 3 1 26 11 22
2 0 5 11 28
1 0 9 23
2 0 7 7 17
1 1 5 6
2 0 3 6 6
2 2 4 22 20
3 2 2 6 2 26
1 1 6 3
3 1 2 30 25 18
2 1 4 8 9
1 0 10 26
1 0 4 9
2 2 4 13 23
2 2 0 26 16
1 0 0 16
2 2 6 24 23
1 1 2 20
1 0 6 16
3 0 5 6 16 29
1 0 6 14
3 3 6 3 4 24
2 0 2 4 2
3 0 4 8 9 8
2 1 1 3 0
2 0 5 11 12
3 1 5 30 10 1
2 0 10 26 26
3 2 3 4 20 10
1 0 8 20
2 1 3 5 6
3 0 2 27 28 4
1 0 3 6
1 0 8 20
3 0 1 29 28 11
1 0 6 14
2 2 10 3 2
1 0 7 29
1 1 7 26
1 0 7 18
2 0 3 5 22
2 1 5 30 10
3 0 7 17 8 5
1 0 8 20
1 0 1 0
3 0 9 27 11 0
3 0 6 17 1 28
1 1 7 17
1 1 5 3
3 2 1 10 16 29
1 0 0 30
2 1 0 22 11
2 0 8 19 30
1 0 7 28
1 1 9 2
2 0 4 9 9
1 1 2 19
1 0 2 3
3 0 2 3 29 2
1 0 0 16
1 1 1 8
2 1 10 5 15
2 1 4 28 29
1 0 6 29
3 1 7 18 18 18
1 0 5 28
2 2 3 18 24
1 0 4 8
1 1 8 25
1 0 4 8
2 1 5 11 11
3 0 8 20 20 20
2 0 8 21 21
