100
3 1 5 15 13 11
3 0 8 23 22 21
2 2 2 22 20
3 1 8 20 21 2
2 0 1 0 0
2 1 9 24 24
3 0 3 2 13 25
2 1 1 12 0
1 1 3 6
1 0 2 2
3 3 4 24 20 6
1 0 7 18
1 0 0 30
1 0 6 8
3 1 5 29 16 25
2 0 10 4 27
3 0 8 23 16 1
3 2 1 12 13 1
1 0 3 6
2 1 8 15 25
3 0 1 13 6 5
1 0 9 23
1 0 2 2
1 0 7 17
2 0 9 7 23
1 0 10 26
1 0 5 0
2 0 8 24 9
3 1 9 24 23 27
3 1 7 27 17 6
3 1 2 18 27 2
2 2 7 12 18
1 1 3 28
3 0 3 12 13 13
2 0 0 23 9
2 2 6 14 7
2 1 1 29 19
1 0 8 18
1 0 7 17
3 0 0 24 30 5
1 0 10 30
1 1 8 14
2 2 8 6 12
3 1 9 24 11 11
2 0 6 15 17
3 1 10 27 26 30
3 3 7 3 6 14
2 1 0 1 17
2 0 10 26 26
2 0 6 1 29
1 0 6 15
1 1 0 22
1 0 5 30
1 0 5 11
2 0 8 13 17
3 1 2 2 2 13
3 2 9 10 20 12
3 0 0 0 0 0
2 0 9 2 14
2 1 6 19 29
3 2 4 9 8 9
3 0 1 11 12 6
3 0 3 4 12 13
2 2 0 3 9
1 0 4 8
2 0 7 17 18
1 0 2 19
3 0 9 15 25 6
2 0 2 0 8
3 1 4 30 10 24
1 1 5 12
2 0 6 15 14
1 1 6 13
1 0 9 24
3 0 5 28 20 27
3 1 3 5 6 3
3 3 9 3 11 27
1 0 3 16
2 2 0 26 16
3 0 7 16 23 13
2 2 2 17 8
2 0 9 19 12
2 0 6 4 8
2 2 7 19 2
1 0 6 15
3 0 5 11 11 11
1 0 10 18
3 3 10 7 7 26
2 0 1 19 20
2 1 5 16 30
3 0 9 3 19 6
2 0 2 11 3
2 2 6 5 20
1 0 7 0
2 0 9 4 30
1 1 4 8
3 0 7 2 2 23
3 0 5 26 22 28
1 0 3 3
1 0 1 15
