100
3 1 5 15 13 11
3 0 8 23 22 21
1 0 7 25
2 0 3 16 10
2 1 2 2 2
3 1 7 24 8 19
1 0 3 6
3 3 1 7 9 2
3 0 10 27 26 5
3 0 10 8 28 18
3 1 5 8 1 11
1 1 7 26
2 1 6 14 15
2 0 10 25 1
3 1 8 10 20 21
1 0 0 30
1 1 6 11
3 0 9 3 24 23
1 0 1 28
2 0 3 5 5
3 3 7 18 23 23
2 2 9 18 15
3 3 4 15 7 5
3 3 8 23 10 5
3 2 4 10 1 22
1 0 2 2
1 0 8 19
3 0 10 30 30 30
3 1 4 8 22 8
1 1 6 19
1 0 10 23
2 0 6 27 18
2 0 3 15 30
1 0 2 3
3 0 8 12 17 16
1 1 5 5
2 0 10 14 27
3 0 4 8 1 9
1 0 2 2
2 0 5 13 13
1 0 7 17
3 0 3 5 5 6
3 0 8 20 0 15
2 0 3 5 6
2 0 3 6 17
2 1 9 29 26
3 0 0 0 0 0
1 1 8 2
3 1 6 17 14 14
1 0 10 29
3 0 0 11 13 19
3 3 6 13 26 23
3 0 3 23 30 21
3 0 5 0 11 22
3 0 9 23 23 22
2 0 7 0 1
2 0 3 5 6
3 0 6 7 1 8
3 3 10 7 7 23
1 0 3 5
3 2 5 12 11 11
1 0 6 7
3 0 6 30 15 15
3 0 6 4 14 15
1 1 1 16
1 0 10 27
2 2 10 20 12
3 0 7 3 26 18
1 1 4 20
3 0 9 19 23 23
2 1 10 27 27
1 0 0 0
1 1 3 3
2 0 6 15 11
1 0 9 0
2 2 3 22 27
2 0 9 6 8
3 3 0 16 14 19
3 1 1 24 27 5
2 0 5 12 20
3 0 4 29 9 9
1 1 0 18
1 0 9 23
1 1 0 26
1 1 10 11
2 1 1 21 10
1 0 2 2
2 1 9 25 0
2 0 5 1 16
3 1 0 16 22 18
3 2 9 19 5 8
3 0 1 0 0 0
1 1 8 8
2 2 8 28 15
2 1 5 30 6
1 0 6 14
3 2 1 10 16 0
3 0 2 29 3 23
1 1 6 9
2 0 4 8 18
