Case #1: 5 1 2 3 4 8 6 7 9
Case #2: 7 9 2 1 3 10 4 6 8 5
Case #3: 4 6 17 7 11 12 14 1 2 3 8 9 10 15 16 19 20 5 13 18
Case #4: IMPOSSIBLE
Case #5: 4 7 8 9 10 12 13 15 17 20 1 2 3 5 6 11 14 16 18 19
Case #6: 14 8 2 16 1 18 7 5 12 10 15 19 20 4 3 6 9 11 13 17
Case #7: 2 3 5 1 4
Case #8: 7 18 3 14 15 1 2 4 6 8 9 10 11 16 20 5 12 13 17 19
Case #9: IMPOSSIBLE
Case #10: 6 10 5 7 1 2 3 8 4 9
Case #11: IMPOSSIBLE
Case #12: IMPOSSIBLE
Case #13: 4 7 9 1 2 5 6 11 13 15 3 8 10 12 14
Case #14: 5 10 2 1 3 6 8 9 12 14 17 19 4 7 11 13 15 16 18 20
Case #15: 1
Case #16: 2 1
Case #17: IMPOSSIBLE
Case #18: 1
Case #19: 1 2 3
Case #20: 4 10 6 14 1 2 5 7 8 9 12 13 15 3 11
Case #21: 7 4 2 3 5 9 12 1 6 8 10 11
Case #22: 2 4 1 3
Case #23: 1 4 2 5 3
Case #24: 20 6 18 19 2 1 5 4 3 12 9 8 7 11 10 13 14 16 15 17
Case #25: 16 17 18 19 7 8 9 10 11 12 13 14 15 1 2 3 4 5 6
