50
332693 540067
1077757 1910006
2 4
1112185 1717313
358651 939249
1031506 1621811
1072189 1910192
1009728 1924190
10000 10000
1046943 1905506
38 56
16644 34616
1081 7722
1579639 1673302
432424 692837
1058636 1903640
1833761 1833761
1082379 1910687
1079404 1951277
309667 985410
7010 8939
1236666 1805014
36 52
1060123 1943234
446570 780330
1030817 1953608
257331 566171
729132 729132
2361 6334
1082056 1918388
202 316
18709 42172
44658 57400
190 428
1469468 1870453
1125 8540
1060580 1981728
1633613 1644804
1027522 1971245
1010039 1996241
1000000 1000001
1068515 1991819
28483 99916
1067058 1945420
100000 999999
15914 43673
1000000 2000000
1031787 1989526
1063133 1986155
137 781
