Case #1:
222222237777
222222236677
222333333555
222222222222
222222222222
222222222333
222222256777
222335555677
222355578888
222222355677
222223335667
222222225667
222222222222
222222355888
222223333357
222222335567
222235566777
222222233577
222222556678
222222223688
222355667778
222222223588
222222555688
222222255566
222222225678
222222223556
222222233356
222222336667
222222223567
222225566678
222222333677
222222222222
222222222222
222222223355
222222222222
222222667788
222222233557
222222233357
222222222567
222222333677
222222255678
222224557778
222222235667
222222222222
222222235578
222222222358
222223556688
222233335557
222222333557
222222225688
222222235777
222222256778
222226677788
222222577788
222222335577
222225567778
222222222222
222222235688
222356667888
222333666677
222223333357
222222233355
222222235566
222223556778
222223555678
222236667778
222223355577
222222255566
222222223677
222222266667
222236777888
222222233357
222222667778
222235577888
222225566666
222222222222
222222225677
222222355567
222226666777
222223355777
222233356777
222566778888
222222222222
222222236788
222222235667
222222222222
222222222222
222222356678
222222225678
222223566777
222222233357
222222225667
222222226666
222222333557
222233556777
222222366777
222555667888
222222556677
222222377788
222222222222
222222666678
222222235667
222222225668
222222222222
222222222677
222222235678
222222335567
222222222222
222222366688
222255667888
222222222222
222222355666
222223666788
222222223566
222222233337
222223335577
222222356677
222222222222
222222236678
222222222222
222222333577
222222235677
222255556778
222233555777
222222245588
222222366777
222222256678
222222223567
222222222222
222222355677
222222225678
222223335567
222222222668
222222225567
222223666777
222222335677
222222225678
222222356666
222222226667
222222366778
222222222222
222222223667
222223333357
222222235557
222222222222
222226777788
222222222222
222223667777
222222366888
222222222222
222222222222
222223666778
222222256778
222222222677
222222222222
222222222222
222222225777
222222235567
222222566678
222266667778
222222225888
222223667788
222222566777
222222356777
222222256677
222222256666
222222366667
222222222222
222222333557
222222556667
222222222222
222222235667
222222355678
222222356667
222222223577
222222222222
222222235557
222222233377
222222556677
222222667778
222222245778
222222333557
222233556677
222223566788
222222222222
222222222222
222223333566
222222237778
222223567888
222222335677
222223355667
222223335677
222222222222
222222333577
222222225888
222222235556
222222355577
222222356678
222222223366
222222222222
222222356678
222222222236
222223666778
222222222367
222222355677
222235556677
222222222222
222225556677
222223355577
222222266778
222233355666
222335556666
222222555667
222222223337
222222222222
222222235678
222223777888
222233556666
222222556688
222222223577
222222555667
222222235577
222222235588
222222235567
222222222222
222222235778
222222222222
222222236788
222222222222
222222223558
222222222222
222222224557
222222222222
222223356777
222222266667
222223566788
222225567778
222222235777
222222223666
222222223578
222222222335
222222356667
222222245577
222222256788
222225566677
222222235577
222222256678
222235678888
222222222222
222222223567
222222225567
222233355557
222222355567
222222557888
222222222222
222222222222
222235555677
222222237888
222222335577
222222255678
222222222222
222222366668
222222233556
222226666677
222222356667
222222222357
222222222222
222222335567
222222225677
222223566778
222222237778
222222223678
222222222222
222222222222
222222222337
222223556788
222222222222
222222333577
222222235568
222222223566
222222223367
222222223337
222222255678
222222222222
222222335577
222222235666
222222222222
222222225557
222222222222
222233355677
222223367777
222223556778
222222666778
222222222377
222222235677
222222222577
222222236666
222222222368
222222255567
222222566677
222222235667
222225666677
222222666778
223555556788
222233355777
222222223667
222222355677
222222222222
222235555788
222222335567
222222233337
222222355678
222222556667
222223355667
222222222222
222222222557
222222235668
222222222667
222222236667
222222255678
222222256677
222222222222
222222333566
222222377888
222222355666
222222233335
223556667778
222235555677
222222335567
222222222566
222223567888
222222233367
222222266778
222223556667
222222225568
222223566777
222222335566
222222222222
222222224555
222222333357
222222225668
222222225555
222222233557
222222223678
222222222222
222222222222
222222222368
222222224788
222222355567
222222233333
222222555678
222222222222
222222336666
222222235567
222222223577
222222666678
222233367777
222222235667
222222222222
222222266788
222222235567
222222225567
222235666677
222222366688
222222222222
222233335557
222222222222
222222335567
222222222257
222222236778
222222355677
222222233567
222222235577
222222225556
222222222222
222223335677
222222222222
222222366788
222222235588
222222222222
222222235678
222222222567
222226677778
222222222222
222222223333
222222355788
222222566678
222222222333
222222378888
222222235566
222222256778
222222223577
222222256667
222222233377
222222222222
222222355788
222225666677
222222222222
222222223677
222222233667
222222455577
222222366778
222222223337
222222224778
222233556667
222222566888
222222356678
222222222222
222225555667
222222222222
222222333577
222222233556
222222222222
222222237788
222222567888
222222222222
222222222358
222222222222
222223333577
222225667777
222235566688
222222245557
222223366777
222225566677
222222235678
222256677777
222224577788
222223567888
222222357888
222222222222
222225557788
222236667778
222222357888
222222223568
222222222222
222222236677
222222223555
222222223556
222222256666
222222235578
222222222222
222222355778
222222245788
222222222222
222222356677
222222555688
222222388888
222236667788
222222223567
222222222222
222222235677
222222356668
222222222222
222222223577
222222566777
222222233357
222222235667
222222222357
222222233366
222222235567
222222222222
222222245588
222222255688
222223355567
222225677778
222222233556
222222235578
222222355778
222222666778
222225566777
222222355567
222222255668
222222266778
222222222356
222222333356
222222222222
222222225678
222222366778
222222222222
222222226677
222222222222
222222222222
222222222222
222236666777
222222355667
222233566677
222222555688
222222233557
222222333357
222223556688
223333355556
222222235667
222222222222
222222566788
222222567778
222235556677
222222235667
222222226677
222225677888
222222222266
222222366678
222222222222
222222233357
222222235666
222222556677
222233355777
222222222668
222222356678
222225667788
222222566677
222222222566
222233333337
222233366777
222223356677
222222567778
222222355678
222222255666
222222222222
222222222567
222222222222
222222233337
222255555678
222222256777
222235556667
222222222777
222223355677
222222225667
222235566678
222222222222
222222357888
222226666788
222222333335
222222222222
222222222222
222222255566
222222256677
222222225568
222222222222
222223335577
222222223367
222223577888
222222225588
222223566678
222222222356
222235566777
222222224777
222222366778
222222236678
222222233677
222222222222
222222223578
222235566778
222222333567
222222235688
222222366678
222222666678
222222233577
222222222357
222222556788
222222356778
222222235567
222222222222
222235666688
222222222222
222222666688
222222222222
222222222222
222224557788
222222566777
222222222222
222222233377
222222355667
222225666678
222225666678
222222566777
222222556688
222222357778
222222223367
222256666778
222223335577
222222567788
222222222222
222223666668
222222222357
222222222222
222222222222
222222222777
222222356678
222222566778
222222222222
222222255567
222222333567
222222222222
222223556788
222222366678
222222235778
222222355888
222225666778
222222335667
222222255678
222223555688
222222222222
222222333356
222235556667
222222222222
222223556688
222223556778
222222355667
222222222368
222223556668
222222335777
222222236778
222222235568
222222367788
222222233356
222223333337
222222255777
222222556788
222222222378
222222222222
222222235778
222222226667
222222333367
222222266666
222222255668
222222222222
222236666778
222222233557
222222257788
222222223568
222222356677
222222233667
222222235667
222255556777
222222233577
222222222222
222222222667
222222235667
222222223357
222222233556
222222355566
222222235556
222222235788
222245577788
222222235788
222222355788
222222366677
222222222356
222222222222
222222233567
222222235688
222222222222
222222255666
222222222222
222223335577
222222333567
222222222222
222223567888
222222222222
222222566678
222222222222
222222233666
222222256888
222222222222
222222366777
222222222222
222222222222
222222222222
222225667778
222222222222
222222222222
222222222222
222223566677
222223556666
222222222222
222222222222
222222223577
222233555667
222222235778
222222667778
222222236677
222235667788
222222335557
222222245578
222222222688
222222235678
222222235677
222222566778
222222222222
222222222222
222222222222
222223555678
222222356778
222222355677
222222222222
222222355668
222222233355
222235566678
222222226668
222222222222
222222222222
222222267777
222222226677
222222256668
222222233557
222222222357
222222225678
222222556667
222222367788
222222222222
222222222222
222222223357
222222222222
222222356777
222225566667
222222233666
222222566668
222222222222
222225666788
222222256778
222222222222
222255567778
222222222222
222222235567
222222222366
222222356678
222222222222
222222333555
222223566788
222225566688
222222356778
222222222222
222233335557
222222333777
222233335577
222222222222
222222222222
222233335667
222222666788
222222222222
222222226667
222223555567
222222335567
222222255678
222226777788
222222233567
222222358888
222222256677
222222235666
222222222666
222223567778
222222223788
222223356667
222222233677
222222666678
222222233577
222222236667
222222223377
222222335556
222222223567
222222256677
222222356677
222223355555
222222366688
222222222222
222222222678
222222366667
222223566678
222222266678
222222225667
222222235567
222222356788
222222333556
222235666678
222223567788
222222225667
222223556678
222223355677
222222235667
222222222222
222222335667
222222555666
